# Nodes: 25301 Edges: 426700
# FromNodeId	ToNodeId
3955	34207
3955	5981
3955	12619
3955	8513
3955	7890
3955	7684
3955	20721
3955	12617
3955	17575
3955	8694
3956	3956
3956	10906
3956	6528
3956	20181
3956	6384
3956	9463
3956	15416
3956	4029
3956	7353
3956	20550
3956	5270
3956	27951
3956	5629
3956	4054
3956	6897
3956	3963
3956	5011
3956	6706
3956	7025
3956	22863
3956	17599
3956	4105
3956	21169
3956	4628
3956	4854
3956	6151
3956	5810
3956	4426
3956	7108
3956	9613
3956	5977
3956	32318
3956	8715
3956	6339
3956	24620
3956	5564
3956	5090
3956	6872
3956	4679
3956	5889
3956	9431
3956	12330
3956	4138
3956	6977
3956	7388
3956	4327
3956	5157
3956	8319
3956	13746
3956	4092
3956	4118
3956	4129
3956	6515
3956	4686
3956	4225
3956	5792
3956	4429
3956	4723
3956	6361
3956	4476
3956	8541
3956	4284
3956	6683
3956	5798
3956	4690
3956	7035
3956	4844
3956	21486
3956	6679
3956	4168
3956	17250
3956	6009
3956	4850
3956	34732
3956	11196
3956	32090
3956	7846
3956	4857
3956	6869
3956	8358
3956	5280
3956	4829
3956	22153
3956	13287
3956	8236
3956	4237
3956	6338
3956	21617
3956	13896
3956	7457
3956	6308
3956	6392
3956	21653
3956	6422
3956	16653
3956	5557
3957	34207
3957	5981
3957	12619
3957	8513
3957	7890
3957	7684
3957	20721
3957	12617
3957	17575
3957	8694
3958	34207
3958	5981
3958	12619
3958	8513
3958	7890
3958	7684
3958	20721
3958	12617
3958	17575
3958	8694
3959	34207
3959	5981
3959	12619
3959	8513
3959	7890
3959	7684
3959	20721
3959	12617
3959	17575
3959	8694
3960	34207
3960	5981
3960	12619
3960	8513
3960	7890
3960	7684
3960	20721
3960	12617
3960	17575
3960	8694
3961	34207
3961	5981
3961	12619
3961	8513
3961	7890
3961	7684
3961	20721
3961	12617
3961	17575
3961	8694
3962	34207
3962	5981
3962	12619
3962	8513
3962	7890
3962	7684
3962	20721
3962	12617
3962	17575
3962	8694
3963	34207
3963	5981
3963	12619
3963	8513
3963	7890
3963	7684
3963	20721
3963	12617
3963	17575
3963	8694
3964	3964
3964	4777
3964	12631
3964	5025
3964	14053
3964	7480
3964	17530
3964	8483
3964	12130
3964	8844
3964	20457
3964	4753
3964	6819
3964	39071
3964	19021
3964	31922
3964	33579
3964	32514
3964	7918
3964	36550
3964	34924
3964	6445
3964	33569
3964	8142
3964	4995
3964	6589
3964	35595
3964	16751
3964	8288
3964	13273
3964	38557
3964	29451
3964	8580
3965	34207
3965	5981
3965	12619
3965	8513
3965	7890
3965	7684
3965	20721
3965	12617
3965	17575
3965	8694
3966	3966
3966	4376
3966	4836
3966	5513
3966	4515
3966	3970
3966	4194
3966	4317
3966	20590
3966	13222
3966	5948
3966	4373
3966	6088
3966	5875
3966	6999
3966	6090
3966	17588
3966	11298
3966	21429
3966	33389
3966	6784
3966	8035
3966	33374
3966	4919
3966	16289
3966	15489
3966	21313
3966	3969
3967	34207
3967	5981
3967	12619
3967	8513
3967	7890
3967	7684
3967	20721
3967	12617
3967	17575
3967	8694
3968	3968
3968	4203
3968	6421
3968	30628
3968	16962
3968	12277
3968	6273
3968	18247
3968	10933
3968	20056
3968	4175
3968	4898
3968	8669
3968	6965
3968	7529
3968	6980
3968	6284
3968	5729
3968	5125
3968	10708
3968	15370
3968	8780
3968	8938
3968	6760
3968	9402
3968	21179
3968	5127
3968	7683
3968	5972
3968	11014
3968	6356
3969	34207
3969	5981
3969	12619
3969	8513
3969	7890
3969	7684
3969	20721
3969	12617
3969	17575
3969	8694
3970	3970
3970	4376
3970	4836
3970	6632
3970	3966
3970	4317
3970	4515
3970	4194
3970	10606
3970	13222
3970	36249
3970	6999
3970	5948
3970	4373
3970	6088
3970	35819
3970	5875
3970	5513
3970	6090
3970	21057
3970	21429
3970	12098
3970	17588
3970	11298
3970	7789
3970	35820
3970	16567
3970	4772
3970	13104
3970	4395
3970	12279
3970	11236
3970	7573
3970	11456
3970	9051
3970	7260
3970	6100
3970	10486
3970	32071
3970	5091
3970	4548
3970	21313
3970	4779
3970	3969
3970	3979
3971	3971
3971	8197
3971	6872
3971	6869
3971	28963
3971	14035
3971	6707
3971	13495
3971	4062
3971	29312
3972	3972
3972	8114
3972	7088
3972	18795
3972	4390
3972	32165
3972	5038
3972	11294
3972	4389
3972	4475
3972	12095
3972	10483
3972	9590
3972	4629
3972	8790
3972	9465
3972	8997
3972	5201
3972	14006
3972	5162
3972	18983
3972	33368
3972	15495
3972	8852
3972	9339
3972	7042
3972	4071
3972	18860
3972	7052
3972	13230
3972	20166
3972	4809
3972	13540
3972	13434
3972	18776
3972	6525
3972	4196
3972	4014
3972	4779
3972	4634
3972	30791
3972	5179
3972	17548
3972	17540
3972	11106
3973	34207
3973	5981
3973	12619
3973	8513
3973	7890
3973	7684
3973	20721
3973	12617
3973	17575
3973	8694
3974	34207
3974	5981
3974	12619
3974	8513
3974	7890
3974	7684
3974	20721
3974	12617
3974	17575
3974	8694
3975	3975
3975	7688
3975	4817
3975	13882
3975	6377
3975	4555
3975	22172
3976	34207
3976	5981
3976	12619
3976	8513
3976	7890
3976	7684
3976	20721
3976	12617
3976	17575
3976	8694
3977	34207
3977	5981
3977	12619
3977	8513
3977	7890
3977	7684
3977	20721
3977	12617
3977	17575
3977	8694
3978	3978
3978	8540
3978	16641
3978	11009
3978	19221
3978	8131
3978	21343
3978	9337
3978	5968
3978	6762
3978	15481
3978	7397
3978	33461
3978	7214
3978	7293
3978	13681
3978	32038
3978	13485
3978	32039
3978	32987
3978	10773
3978	7920
3978	23862
3978	30571
3978	5367
3978	8332
3978	6969
3978	7263
3978	9287
3978	3985
3978	10881
3978	6814
3978	7652
3978	4146
3978	24811
3978	22225
3978	36034
3978	12664
3978	4480
3978	8958
3978	4723
3978	29721
3978	4214
3978	29723
3979	34207
3979	5981
3979	12619
3979	8513
3979	7890
3979	7684
3979	20721
3979	12617
3979	17575
3979	8694
3980	34207
3980	5981
3980	12619
3980	8513
3980	7890
3980	7684
3980	20721
3980	12617
3980	17575
3980	8694
3981	34207
3981	5981
3981	12619
3981	8513
3981	7890
3981	7684
3981	20721
3981	12617
3981	17575
3981	8694
3982	34207
3982	5981
3982	12619
3982	8513
3982	7890
3982	7684
3982	20721
3982	12617
3982	17575
3982	8694
3983	34207
3983	5981
3983	12619
3983	8513
3983	7890
3983	7684
3983	20721
3983	12617
3983	17575
3983	8694
3984	3984
3984	4710
3984	4126
3984	6196
3984	28928
3984	12239
3984	5136
3984	4013
3984	5332
3984	8868
3984	14857
3984	15727
3985	34207
3985	5981
3985	12619
3985	8513
3985	7890
3985	7684
3985	20721
3985	12617
3985	17575
3985	8694
3986	3986
3986	6655
3986	16238
3986	16621
3986	21275
3986	4683
3986	5463
3986	9179
3986	5634
3986	32182
3986	37788
3986	12837
3986	7117
3986	4442
3986	20938
3986	19735
3986	5154
3986	9395
3986	16679
3986	11536
3986	7820
3986	7501
3986	21376
3986	5869
3986	4440
3986	4676
3986	6582
3986	4678
3986	8620
3986	5913
3986	4686
3986	7113
3986	4211
3986	4337
3986	33957
3986	21268
3986	23174
3986	6016
3986	12148
3986	5018
3986	5233
3986	39111
3986	9605
3986	6736
3986	9247
3986	13786
3986	7797
3986	4681
3986	25197
3986	4576
3986	17878
3986	10739
3986	6068
3986	27836
3986	19967
3986	14167
3986	13440
3986	30378
3986	28952
3986	6437
3986	6290
3986	8373
3986	5808
3986	9607
3986	8502
3986	6583
3986	4441
3986	28130
3987	34207
3987	5981
3987	12619
3987	8513
3987	7890
3987	7684
3987	20721
3987	12617
3987	17575
3987	8694
3988	34207
3988	5981
3988	12619
3988	8513
3988	7890
3988	7684
3988	20721
3988	12617
3988	17575
3988	8694
3989	34207
3989	5981
3989	12619
3989	8513
3989	7890
3989	7684
3989	20721
3989	12617
3989	17575
3989	8694
3990	3990
3990	12639
3990	11560
3990	10674
3990	37168
3990	8267
3990	14476
3990	7609
3990	11561
3990	7393
3990	7755
3990	14879
3990	11562
3990	20200
3990	31925
3990	8173
3990	19688
3990	14512
3990	6413
3990	32192
3990	36135
3990	7047
3990	6950
3990	6438
3990	39360
3990	36782
3990	34992
3990	7801
3990	8216
3991	34207
3991	5981
3991	12619
3991	8513
3991	7890
3991	7684
3991	20721
3991	12617
3991	17575
3991	8694
3992	34207
3992	5981
3992	12619
3992	8513
3992	7890
3992	7684
3992	20721
3992	12617
3992	17575
3992	8694
3993	3993
3993	31978
3993	17638
3993	10752
3993	16159
3993	8643
3993	9210
3993	20755
3993	5067
3993	5173
3993	19041
3993	5619
3993	18145
3993	16758
3993	16029
3993	9209
3993	21545
3993	14911
3993	11155
3993	14912
3993	14105
3993	19236
3993	18954
3993	5611
3993	32371
3993	20493
3993	7628
3993	34201
3993	8413
3993	8199
3993	7912
3993	5739
3993	13515
3993	4455
3993	6456
3993	14839
3993	16587
3993	16459
3993	11032
3993	19904
3993	5961
3993	5604
3993	37431
3993	8074
3993	7492
3993	32523
3993	20619
3993	11143
3993	35784
3993	4163
3993	8236
3993	5845
3993	9439
3993	6857
3993	6128
3993	18378
3993	5609
3993	11315
3993	4950
3993	11491
3993	38508
3993	5000
3993	34791
3993	31596
3993	7665
3993	19547
3993	10733
3993	10991
3993	5286
3993	6215
3993	29251
3993	6721
3993	8462
3993	10475
3993	7208
3993	6903
3993	31471
3995	34207
3995	5981
3995	12619
3995	8513
3995	7890
3995	7684
3995	20721
3995	12617
3995	17575
3995	8694
3996	34207
3996	5981
3996	12619
3996	8513
3996	7890
3996	7684
3996	20721
3996	12617
3996	17575
3996	8694
3997	3997
3997	10055
3997	21713
3997	22235
3998	3998
3998	4203
3998	5416
3998	5127
3998	4387
3998	8013
3998	4293
3998	5694
3998	8308
3998	4168
3998	21878
3998	21888
3998	4433
3998	13741
3998	4495
3998	31479
3998	15420
3998	4173
3998	6751
3998	15915
3998	4730
3998	5845
3998	30756
3998	4949
3998	4952
3998	8867
3998	12642
3998	6367
3998	13912
3998	5804
3998	9440
3998	26216
3998	6941
3998	23226
3998	5334
3998	4295
3998	21977
3998	5407
3998	13877
3998	4117
3998	4829
3998	5125
3998	7344
3998	13490
3998	5632
3998	11048
3998	10563
3998	7012
3998	7307
3998	10581
3998	5620
3998	9220
3998	6487
3998	5698
3998	8687
3998	15729
3998	11089
3998	8258
3998	4724
3998	21819
3998	7335
3998	10532
3998	5249
3998	4474
3998	39366
3998	22379
3998	16992
3998	10158
3998	13849
3998	12712
3998	11607
3998	6552
3998	4792
3998	5278
3998	4419
3998	6222
3998	5217
3998	13810
3998	5259
3998	3969
3998	4376
3998	6392
3998	6201
3998	31008
3998	7428
3998	17790
3998	21199
3998	5423
3998	4754
3998	9992
3998	20499
3998	37560
3998	9515
3999	34207
3999	5981
3999	12619
3999	8513
3999	7890
3999	7684
3999	20721
3999	12617
3999	17575
3999	8694
4000	4000
4000	12109
4000	6358
4000	6108
4000	17563
4000	6305
4000	7824
4000	8269
4000	11206
4000	6011
4000	13386
4000	9538
4000	15076
4000	6434
4000	7974
4000	31996
4000	9194
4000	8794
4000	6298
4000	9556
4000	21277
4000	21760
4000	9287
4000	6802
4000	7811
4000	25199
4000	5776
4000	6772
4000	9303
4000	7493
4000	11386
4000	4152
4000	12714
4000	6762
4000	12134
4000	16677
4000	8546
4000	4541
4000	10769
4000	7788
4000	4225
4000	19030
4000	5990
4000	6448
4000	6986
4000	9557
4000	8753
4000	20157
4000	6286
4000	19221
4000	13375
4000	4150
4000	7155
4000	4148
4000	23100
4000	6503
4000	21733
4000	7357
4000	5367
4000	7991
4000	20017
4000	10159
4000	6328
4000	10904
4000	4813
4000	5289
4000	5903
4000	10078
4000	6049
4000	36730
4000	6723
4000	6626
4000	7594
4000	4272
4000	11036
4000	5295
4000	4947
4000	25726
4000	4235
4000	34985
4000	6068
4000	7947
4000	9193
4000	9014
4000	10949
4000	5945
4000	6676
4000	15735
4000	6667
4000	18450
4000	8702
4000	6717
4000	25838
4000	8936
4000	7093
4000	6168
4000	30716
4000	4547
4000	4194
4000	9407
4000	4706
4000	6913
4000	11547
4000	39466
4000	8201
4000	5589
4000	6930
4000	16863
4000	14192
4000	9750
4000	7237
4000	6573
4000	6722
4000	5188
4000	21978
4000	11331
4000	10964
4000	11039
4000	4017
4000	4517
4000	4997
4000	4310
4000	5715
4000	14815
4000	4428
4000	4234
4000	6138
4000	7977
4000	7877
4000	15740
4001	4001
4001	14859
4001	18341
4001	11657
4001	15220
4001	18351
4001	25144
4002	4002
4002	4134
4002	8874
4002	10055
4002	8800
4002	21340
4002	5632
4002	9432
4002	32544
4002	10064
4002	5175
4002	18324
4002	4722
4002	10540
4002	14141
4002	5662
4002	21341
4002	4980
4002	13544
4002	14501
4002	5295
4002	7011
4002	5990
4002	9164
4002	4291
4002	5221
4002	11252
4002	9427
4002	6746
4002	32081
4002	10365
4002	4660
4002	11253
4002	6861
4002	32811
4002	6252
4002	5967
4002	6630
4002	7069
4002	20107
4002	24605
4002	16610
4002	8638
4002	12077
4002	5554
4002	7168
4002	37465
4002	18093
4002	4270
4002	4136
4002	6286
4002	16763
4003	4003
4003	11405
4003	15755
4003	8289
4003	12955
4003	6300
4003	12858
4003	17853
4003	15140
4003	17729
4003	15357
4003	5164
4003	13279
4003	5426
4003	6035
4003	5304
4003	22882
4003	9349
4003	6346
4003	6624
4003	33400
4003	7071
4003	6994
4003	7303
4003	5587
4003	4800
4003	5630
4003	4760
4003	8916
4003	9412
4003	32223
4003	7930
4003	8615
4003	33409
4003	10276
4003	16530
4003	8711
4003	8544
4003	14479
4003	5374
4003	7443
4003	12586
4003	9792
4003	21356
4003	10573
4003	35136
4003	9036
4003	8476
4003	27059
4003	8509
4003	5628
4003	14507
4003	16599
4003	5683
4003	4412
4003	5930
4003	7767
4003	13281
4003	6598
4003	8054
4003	37011
4003	13694
4004	4004
4004	7231
4004	7692
4004	7079
4004	6874
4004	5677
4004	13219
4004	10050
4004	5518
4004	16155
4004	19195
4004	12077
4004	12311
4004	5525
4004	10943
4004	9507
4004	6479
4004	21155
4004	7277
4004	17482
4004	25055
4004	8040
4004	9716
4004	5032
4004	5662
4004	9723
4004	29689
4004	9201
4004	19734
4004	8084
4004	6093
4004	30064
4004	11733
4004	33167
4004	6932
4004	7168
4004	6683
4004	5568
4004	8037
4004	9348
4004	6474
4004	7362
4004	5539
4004	5517
4004	13151
4004	18358
4004	24919
4004	10056
4004	5031
4004	24137
4004	7217
4004	20330
4004	9516
4004	8800
4004	19808
4004	9213
4004	4698
4004	9247
4004	7006
4004	13903
4004	4864
4004	14036
4004	6751
4004	8585
4004	9208
4004	24435
4004	6319
4004	6398
4004	7552
4004	6306
4004	11102
4004	22668
4004	10053
4004	11888
4004	21462
4004	28074
4004	8547
4004	9198
4004	4723
4004	9464
4004	7423
4004	13691
4004	29079
4004	6529
4004	10427
4004	4162
4004	9442
4004	5519
4004	5463
4004	6563
4004	13738
4005	34207
4005	5981
4005	12619
4005	8513
4005	7890
4005	7684
4005	20721
4005	12617
4005	17575
4005	8694
4006	34207
4006	5981
4006	12619
4006	8513
4006	7890
4006	7684
4006	20721
4006	12617
4006	17575
4006	8694
4007	34207
4007	5981
4007	12619
4007	8513
4007	7890
4007	7684
4007	20721
4007	12617
4007	17575
4007	8694
4008	4008
4008	5694
4008	16636
4008	14007
4008	13330
4008	12560
4008	34889
4008	4904
4008	8380
4008	20144
4008	5679
4008	8093
4008	36653
4008	19224
4008	8732
4008	7449
4008	4285
4008	17551
4008	9239
4008	32399
4008	7241
4008	16242
4008	8540
4008	11513
4008	6080
4008	10767
4008	5793
4008	11789
4008	5606
4008	5632
4008	13381
4008	17708
4008	16646
4008	10176
4008	11191
4008	20070
4008	5899
4008	5642
4008	8644
4008	16746
4009	34207
4009	5981
4009	12619
4009	8513
4009	7890
4009	7684
4009	20721
4009	12617
4009	17575
4009	8694
4010	34207
4010	5981
4010	12619
4010	8513
4010	7890
4010	7684
4010	20721
4010	12617
4010	17575
4010	8694
4011	34207
4011	5981
4011	12619
4011	8513
4011	7890
4011	7684
4011	20721
4011	12617
4011	17575
4011	8694
4012	4012
4012	10123
4012	12275
4012	21346
4012	11178
4012	9435
4012	33988
4012	21347
4012	15634
4012	11729
4012	34789
4012	31813
4012	33426
4012	7461
4012	5380
4012	7758
4012	5312
4012	12993
4012	31446
4012	9333
4012	4534
4012	7922
4012	13817
4012	12164
4012	21004
4012	7862
4012	12317
4012	18893
4012	7582
4012	12836
4012	8759
4012	4195
4013	34207
4013	5981
4013	12619
4013	8513
4013	7890
4013	7684
4013	20721
4013	12617
4013	17575
4013	8694
4014	4014
4014	4196
4014	17540
4014	4809
4014	6525
4014	14006
4014	20527
4014	12122
4014	6245
4014	8924
4014	4011
4014	4281
4014	7311
4014	4507
4014	6483
4014	4282
4014	4567
4014	5108
4014	13584
4014	5502
4014	14919
4014	4166
4014	6100
4014	4187
4014	17518
4014	5860
4014	4579
4014	31419
4014	4283
4014	5180
4014	7066
4014	12047
4014	7701
4014	6192
4014	18893
4014	10635
4014	10993
4014	20427
4014	14154
4014	7203
4014	3972
4014	6009
4015	34207
4015	5981
4015	12619
4015	8513
4015	7890
4015	7684
4015	20721
4015	12617
4015	17575
4015	8694
4016	4016
4016	5171
4016	4173
4016	14057
4016	12533
4016	10914
4016	20030
4016	12127
4016	11666
4016	19102
4016	13661
4016	9147
4016	8956
4016	17527
4016	5969
4016	5939
4016	16561
4016	17531
4016	12128
4016	7764
4016	20190
4016	6112
4016	6369
4016	7215
4016	4174
4016	19433
4016	4085
4016	9417
4016	6223
4016	6149
4016	4436
4016	12046
4016	4816
4016	32630
4016	15250
4016	33582
4016	8759
4016	20450
4016	8380
4016	17519
4016	5855
4016	33570
4016	19035
4016	7008
4016	5107
4016	15856
4016	14064
4016	6026
4016	10564
4016	6222
4016	5103
4016	4790
4016	4402
4016	5388
4016	6941
4016	5815
4016	5793
4016	20235
4016	33576
4016	13993
4016	5856
4016	7842
4016	19013
4016	5642
4016	5285
4016	7819
4016	18911
4016	7739
4016	6173
4016	7831
4016	8917
4016	6972
4016	5694
4016	5204
4016	15707
4016	6208
4016	8019
4016	7145
4016	11424
4016	5660
4016	7683
4016	9148
4016	15331
4016	4362
4016	30832
4016	14413
4016	12236
4016	13330
4016	6980
4016	8878
4016	26607
4016	5334
4016	12237
4016	6364
4016	5679
4016	10174
4016	5125
4016	20533
4016	7638
4016	19719
4016	4554
4016	6877
4016	15697
4016	13734
4016	4579
4016	5104
4016	6301
4016	7772
4016	6704
4016	10531
4016	11390
4016	11667
4016	4859
4016	10176
4016	18012
4016	36196
4016	13336
4016	34685
4016	6890
4016	5899
4016	6569
4016	6534
4016	33581
4016	31944
4016	5389
4016	7433
4016	36002
4016	19765
4016	4904
4016	25576
4016	19010
4016	4084
4016	39367
4016	6027
4016	7827
4016	4898
4016	4703
4016	6356
4017	34207
4017	5981
4017	12619
4017	8513
4017	7890
4017	7684
4017	20721
4017	12617
4017	17575
4017	8694
4018	34207
4018	5981
4018	12619
4018	8513
4018	7890
4018	7684
4018	20721
4018	12617
4018	17575
4018	8694
4019	34207
4019	5981
4019	12619
4019	8513
4019	7890
4019	7684
4019	20721
4019	12617
4019	17575
4019	8694
4020	4020
4020	4174
4020	38736
4020	21328
4020	5285
4020	6112
4020	12126
4020	6634
4020	19013
4020	10913
4020	7008
4020	9457
4020	9149
4020	8917
4020	8733
4020	5375
4020	14147
4020	5793
4020	38150
4020	8538
4020	25576
4020	9148
4020	14061
4020	4790
4020	7595
4020	7055
4020	5408
4020	15254
4020	7596
4020	5127
4020	10498
4021	34207
4021	5981
4021	12619
4021	8513
4021	7890
4021	7684
4021	20721
4021	12617
4021	17575
4021	8694
4022	34207
4022	5981
4022	12619
4022	8513
4022	7890
4022	7684
4022	20721
4022	12617
4022	17575
4022	8694
4023	34207
4023	5981
4023	12619
4023	8513
4023	7890
4023	7684
4023	20721
4023	12617
4023	17575
4023	8694
4024	34207
4024	5981
4024	12619
4024	8513
4024	7890
4024	7684
4024	20721
4024	12617
4024	17575
4024	8694
4025	34207
4025	5981
4025	12619
4025	8513
4025	7890
4025	7684
4025	20721
4025	12617
4025	17575
4025	8694
4026	4026
4026	8716
4026	4119
4026	5772
4026	8691
4026	7525
4026	5837
4026	4013
4026	5509
4026	12663
4026	4311
4026	21840
4026	5217
4026	8588
4026	5189
4026	4668
4026	6327
4026	6972
4026	31528
4026	8633
4026	18894
4026	21796
4026	23006
4026	14353
4026	12031
4026	28429
4026	8827
4026	13904
4026	33616
4028	34207
4028	5981
4028	12619
4028	8513
4028	7890
4028	7684
4028	20721
4028	12617
4028	17575
4028	8694
4029	34207
4029	5981
4029	12619
4029	8513
4029	7890
4029	7684
4029	20721
4029	12617
4029	17575
4029	8694
4030	34207
4030	5981
4030	12619
4030	8513
4030	7890
4030	7684
4030	20721
4030	12617
4030	17575
4030	8694
4031	34207
4031	5981
4031	12619
4031	8513
4031	7890
4031	7684
4031	20721
4031	12617
4031	17575
4031	8694
4032	4032
4032	5986
4032	8725
4032	21725
4032	13418
4032	4720
4032	22813
4032	4290
4032	5528
4032	6039
4032	6185
4032	23937
4032	21790
4032	5971
4032	4726
4032	4708
4032	7741
4032	22853
4032	4096
4033	4033
4033	4576
4033	13382
4033	19044
4033	17649
4033	21257
4033	8115
4033	34360
4033	33640
4033	7516
4033	4250
4033	10139
4033	5606
4033	9237
4033	34041
4033	11993
4033	36156
4033	14368
4033	14369
4033	8709
4033	7299
4033	9503
4033	10141
4033	4683
4033	7804
4033	5690
4033	4112
4033	20289
4033	8610
4033	5636
4033	10455
4033	4483
4033	21258
4033	8068
4033	7815
4033	11070
4033	12114
4033	21287
4033	7806
4033	32356
4033	7820
4033	3981
4033	14584
4033	17913
4033	4106
4033	5634
4033	4698
4033	36404
4033	4153
4033	7397
4033	4794
4033	31287
4033	7412
4033	18356
4033	19846
4033	20203
4033	6482
4033	5236
4033	4980
4033	5682
4033	5981
4033	17650
4033	33627
4033	7721
4033	32173
4033	6565
4033	4249
4033	5689
4033	6658
4034	34207
4034	5981
4034	12619
4034	8513
4034	7890
4034	7684
4034	20721
4034	12617
4034	17575
4034	8694
4036	34207
4036	5981
4036	12619
4036	8513
4036	7890
4036	7684
4036	20721
4036	12617
4036	17575
4036	8694
4037	34207
4037	5981
4037	12619
4037	8513
4037	7890
4037	7684
4037	20721
4037	12617
4037	17575
4037	8694
4038	34207
4038	5981
4038	12619
4038	8513
4038	7890
4038	7684
4038	20721
4038	12617
4038	17575
4038	8694
4039	34207
4039	5981
4039	12619
4039	8513
4039	7890
4039	7684
4039	20721
4039	12617
4039	17575
4039	8694
4040	34207
4040	5981
4040	12619
4040	8513
4040	7890
4040	7684
4040	20721
4040	12617
4040	17575
4040	8694
4041	34207
4041	5981
4041	12619
4041	8513
4041	7890
4041	7684
4041	20721
4041	12617
4041	17575
4041	8694
4042	4042
4042	8464
4042	8586
4042	5054
4042	7799
4042	8963
4042	11498
4042	7193
4042	7597
4042	8411
4042	19436
4042	6322
4042	6450
4042	36732
4042	11501
4042	13737
4042	8199
4042	13780
4042	36733
4042	24622
4042	6674
4042	12835
4042	7942
4042	20828
4042	31476
4042	4741
4042	6069
4042	6811
4042	6193
4042	25670
4042	8612
4042	37796
4042	32407
4042	19799
4042	34027
4042	23226
4042	10516
4042	35774
4042	12014
4042	5791
4042	33288
4042	5397
4042	9309
4042	4576
4042	5208
4042	9016
4042	6810
4042	4431
4042	19807
4042	36780
4042	12316
4042	4999
4042	30848
4042	35631
4042	9512
4042	20344
4042	8614
4042	6290
4042	11142
4042	7564
4042	35871
4042	13810
4042	6766
4042	16154
4042	22656
4042	15078
4042	18835
4042	11356
4042	7589
4042	8961
4042	36789
4042	7445
4043	4043
4043	11340
4043	6916
4043	7382
4043	4354
4043	5618
4043	6111
4043	32097
4043	11162
4043	33544
4043	6399
4043	8589
4043	21415
4043	33545
4043	8305
4043	10375
4043	21412
4043	20076
4043	7758
4043	19124
4043	4794
4043	6548
4043	5158
4043	18426
4043	8735
4043	4553
4043	10488
4043	7522
4043	33537
4043	16680
4043	7721
4043	5095
4043	6962
4043	8327
4043	9333
4043	6037
4043	34795
4043	5679
4043	19471
4043	4507
4043	14062
4043	33536
4043	19875
4043	8143
4043	34083
4043	6612
4043	20676
4043	4185
4043	4959
4043	20684
4043	15594
4043	9291
4043	11105
4043	36107
4043	5093
4043	6216
4043	31731
4043	34882
4043	7527
4043	16593
4043	9454
4043	32160
4043	15786
4043	8326
4043	21335
4043	6786
4043	10534
4043	11236
4043	4112
4043	4546
4043	34311
4043	4250
4043	33135
4043	20207
4043	5885
4043	12183
4043	20657
4043	9614
4043	7521
4043	5086
4043	9041
4043	7802
4043	5052
4043	7083
4043	7235
4043	7575
4043	3979
4043	15461
4043	15247
4043	34875
4043	10740
4043	15854
4043	10715
4043	32140
4043	4771
4043	11338
4043	4288
4043	4576
4043	16548
4043	15249
4043	26196
4043	4245
4043	36131
4043	10743
4043	4219
4043	29001
4043	6632
4043	34877
4043	8049
4043	8824
4043	11332
4043	15595
4043	16777
4043	6192
4043	20035
4043	15583
4043	6891
4043	30478
4043	5682
4043	12074
4043	8373
4043	6274
4043	5020
4043	16655
4043	7574
4043	32094
4043	19165
4043	6109
4043	13154
4043	5689
4044	34207
4044	5981
4044	12619
4044	8513
4044	7890
4044	7684
4044	20721
4044	12617
4044	17575
4044	8694
4045	34207
4045	5981
4045	12619
4045	8513
4045	7890
4045	7684
4045	20721
4045	12617
4045	17575
4045	8694
4046	34207
4046	5981
4046	12619
4046	8513
4046	7890
4046	7684
4046	20721
4046	12617
4046	17575
4046	8694
4047	34207
4047	5981
4047	12619
4047	8513
4047	7890
4047	7684
4047	20721
4047	12617
4047	17575
4047	8694
4048	34207
4048	5981
4048	12619
4048	8513
4048	7890
4048	7684
4048	20721
4048	12617
4048	17575
4048	8694
4049	34207
4049	5981
4049	12619
4049	8513
4049	7890
4049	7684
4049	20721
4049	12617
4049	17575
4049	8694
4050	34207
4050	5981
4050	12619
4050	8513
4050	7890
4050	7684
4050	20721
4050	12617
4050	17575
4050	8694
4051	34207
4051	5981
4051	12619
4051	8513
4051	7890
4051	7684
4051	20721
4051	12617
4051	17575
4051	8694
4052	34207
4052	5981
4052	12619
13046	37601
13046	20009
13046	5628
13046	15720
13046	24537
13046	21047
13046	31212
13046	10575
13046	13458
13046	14849
13046	6601
13046	7766
13047	34207
13047	5981
13047	12619
13047	8513
13047	7890
13047	7684
13047	20721
13047	12617
13047	17575
13047	8694
13048	13048
13048	4792
13048	6331
13048	13041
13048	11276
13048	13050
13048	13042
13048	7601
13048	20055
13048	6470
13048	4456
13048	33102
13048	4658
13048	8431
13048	14821
13049	13049
13049	13795
13049	17468
13049	14822
13049	4466
13049	6650
13049	13852
13049	28885
13049	5257
13049	13877
13049	13873
13049	13787
13049	13459
13049	13736
13049	24797
13049	13866
13049	8973
13049	27149
13049	33436
13049	6660
13049	5059
13049	13336
13049	25757
13049	5974
13049	14831
13049	11323
40253	7851
40253	4237
40253	17124
40253	4519
40253	8614
40253	28374
40253	4307
40253	6752
40253	7833
40253	4942
40253	4249
40253	6460